1733238087.56576
1733238090.11572
1733238090.51574
1733238116.16557
1733238116.91556
1733238117.66562
1733238118.61529
1733238119.36566
1733238120.11562
1733238120.91537
1733238121.66543
1733238122.51549
1733238123.36551
1733238124.21576
1733238125.06585
1733238125.86526
1733238126.61557
1733238127.51542
1733238128.41542
1733238129.11543
1733238129.86543
1733238130.66545
1733238131.36541
1733238132.11542
1733238132.91547
1733238133.61529
1733238134.46523
1733238135.21543
1733238136.11543
1733238136.91539
1733238137.66479
1733238138.4647
1733238139.31457
1733238140.16476
1733238141.01482
1733238141.66524
1733238142.41421
1733238143.16499
1733238144.01533
1733238144.66525
1733238145.4658
1733238146.16536
1733238146.9152
1733238147.81542
1733238148.61536
1733238149.51535
1733238150.2653
1733238150.96527
1733238151.81531
1733238156.16545
1733238156.76525
1733238157.36388
1733238157.96619
1733238158.46513
1733238159.01538
1733238159.36584
1733238159.96432
1733238160.51446
1733238161.11508
1733238161.76518
1733238162.31518
1733238162.86519
1733238163.36535
1733238163.91517
1733238164.61515
1733238165.11596
1733238165.71485
1733238166.21495
1733238166.81529
1733238167.36493
1733238167.96525
1733238168.51503
1733238169.0151
1733238169.66571
1733238170.26494
1733238170.76506
1733238171.26522
1733238171.76534
1733238172.36492
1733238172.865
1733238173.46526
1733238174.01505
1733238174.56492
1733238175.2153
1733238175.76527
1733238176.46525
1733238177.06486
1733238177.61485
1733238178.1649
1733238178.76482
1733238179.31475
1733238179.86474
1733238180.36485
1733238180.86528
1733238181.41493
1733238181.91489
1733238182.41496
1733238183.06509
1733238183.665
1733238184.21497
1733238184.86501
1733238185.41386
1733238185.61326
1733238186.21492
1733238186.86517
1733238187.4142
1733238188.06471
1733238188.76478
1733238189.41423
1733238190.01501
1733238190.51531
1733238191.06432
1733238191.71424
1733238192.21476
1733238192.96464
1733238193.61554
1733238194.16453
1733238194.66428
1733238195.31469
1733238195.96481
1733238196.61477
1733238197.26493
1733238197.76474
1733238198.46444
1733238199.06478
1733238199.66484
1733238200.21488
1733238200.76489
1733238201.31492
1733238201.81526
1733238202.36477
1733238202.86467
1733238203.465
1733238204.015
1733238204.56503
1733238205.06484
1733238205.5649
1733238206.21491
1733238206.81481
1733238207.46547
1733238208.01467
1733238208.56482
1733238209.06508
1733238209.56489
1733238210.1148
1733238210.6649
1733238211.16492
1733238211.86476
1733238212.46494
1733238213.01495
1733238213.61483
1733238214.11483
1733238214.66477
1733238215.31478
1733238215.81479
1733238216.36508
1733238216.86522
1733238217.41478
1733238217.96476
1733238218.66474
1733238219.36466
1733238219.86426
1733238220.4648
1733238221.11477
1733238221.81439
1733238222.41432
1733238222.96432
1733238223.46435
1733238223.96446
1733238224.4645
1733238224.96453
1733238225.61474
1733238226.26494
1733238226.81428
1733238227.3146
1733238227.76585
1733238228.36438
1733238229.01516
1733238229.51665
1733238230.01595
1733238230.71617
1733238231.31585
1733238231.8655
1733238232.41516
1733238233.01469
1733238233.61449
1733238234.26465
1733238234.96467
1733238235.51461
1733238236.16472
1733238236.71455
1733238237.21461
1733238237.76466
1733238238.31429
1733238238.91509
1733238239.41478
1733238239.96467
1733238240.51481
1733238241.06447
1733238241.66615
1733238242.21453
1733238242.91459
1733238243.56483
1733238244.0659
1733238244.71469
1733238245.36466
1733238245.96552
1733238246.51455
1733238247.21488
1733238247.86478
1733238248.41463
1733238248.91753
1733238249.46463
1733238250.06272
1733238250.2624
1733238250.91479
1733238251.61489
1733238252.21447
1733238252.76433
1733238253.2641
1733238253.81364
1733238254.41444
1733238254.96426
1733238255.51426
1733238256.0643
1733238256.61436
1733238257.16451
1733238257.81451
1733238258.31458
1733238258.8647
1733238259.36448
1733238259.86481
1733238260.46433
1733238261.11453
1733238261.81445
1733238262.36449
1733238262.86441
1733238263.3645
1733238264.0152
1733238264.61441
1733238265.1145
1733238265.66428
1733238266.31451
1733238267.01436
1733238267.71445
1733238268.21459
1733238268.76439
1733238269.26451
1733238269.96437
1733238270.61445
1733238271.26439
1733238271.76448
1733238272.31442
1733238272.81466
1733238273.36433
1733238273.91434
1733238274.51518
1733238275.06448
1733238275.6143
1733238276.11421
1733238276.81433
1733238277.51429
1733238278.01457
1733238278.71431
1733238279.21437
1733238279.91431
1733238280.56459
1733238281.11441
1733238281.71425
1733238282.36434
1733238282.91425
1733238283.4643
1733238284.16425
1733238284.66425
1733238285.31466
1733238285.9644
1733238286.61439
1733238287.16438
1733238287.8643
1733238288.4143
1733238288.91531
1733238289.46424
1733238290.01448
1733238290.61426
1733238291.16423
1733238291.66482
1733238292.21544
1733238292.71416
1733238293.36428
1733238293.91418
1733238294.41417
1733238294.91434
1733238295.46423
1733238296.11465
1733238296.61476
1733238297.21415
1733238297.71416
1733238298.26419
1733238298.81419
1733238299.36391
1733238299.86395
1733238300.46406
1733238301.11415
1733238301.66411
1733238302.16416
1733238302.71391
1733238303.31417
1733238303.96432
1733238304.51406
1733238305.11422
1733238305.66409
1733238306.11416
1733238306.66416
1733238307.16445
1733238307.81447
1733238308.36389
1733238309.01395
1733238309.5139
1733238310.01395
1733238310.51402
1733238311.11403
1733238311.81344
1733238312.41415
1733238312.96447
1733238313.51385
1733238314.01411
1733238314.5142
1733238315.06401
1733238315.71403
1733238316.41404
1733238316.91407
1733238317.46383
1733238318.11413
1733238318.61399
1733238319.11396
1733238319.764
1733238320.41516
1733238320.71559
1733238321.26355
1733238321.86284
1733238322.4636
1733238323.01339
1733238323.51361
1733238324.01403
1733238324.6641
1733238325.214
1733238325.76452
1733238326.31388
1733238326.91378
1733238327.31281
1733238327.81353
1733238328.01332
1733238328.51547
1733238329.11638
1733238329.71815
1733238330.21731
1733238330.81627
1733238331.41761
1733238331.91799
1733238332.51599
1733238333.06556
1733238333.51765
1733238334.06555
1733238334.71661
1733238335.26552
1733238335.8654
1733238336.36538
1733238337.06536
1733238337.56535
1733238338.2154
1733238338.86507
1733238339.36519
1733238339.7153
1733238340.16624
1733238340.51559
1733238340.96661
1733238341.31645
1733238341.81749
1733238342.46773
1733238342.96892
1733238343.51906
1733238344.21903
1733238344.7688
1733238345.36846
1733238345.919
1733238346.51775
1733238347.11738
1733238347.66703
1733238348.26673
1733238348.81647
1733238349.36621
1733238349.91594
1733238350.46568
1733238351.01574
1733238351.56798
1733238352.11487
1733238352.81457
1733238353.41427
1733238354.014
1733238354.56378
1733238355.1137
1733238355.76381
1733238356.31383
1733238356.96375
1733238357.51375
1733238358.21376
1733238358.76371
1733238359.26429
1733238359.81365
1733238360.36362
1733238360.86413
1733238361.41366
1733238361.91378
1733238362.41393
1733238363.1137
1733238363.61365
1733238364.16365
1733238364.66366
1733238365.21365
1733238365.76367
1733238366.41407
1733238366.96367
1733238367.66364
1733238368.31366
1733238368.81402
1733238369.41364
1733238369.96361
1733238370.5136
1733238371.21359
1733238371.86376
1733238372.51364
1733238373.06358
1733238373.71387
1733238374.21363
1733238374.91355
1733238375.41359
1733238375.96512
1733238376.51356
1733238377.21356
1733238377.71371
1733238378.26344
1733238378.76351
1733238379.36367
1733238379.9135
1733238380.41349
1733238380.91353
1733238381.56379
1733238382.26352
1733238382.96349
1733238383.615
1733238384.16373
1733238384.76358
1733238385.41416
1733238385.91454
1733238386.61358
1733238387.21378
1733238387.76359
1733238388.26417
1733238388.8135
1733238389.36346
1733238390.06346
1733238390.7145
1733238391.26344
1733238391.91347
1733238392.46343
1733238392.96347
1733238393.66346
1733238394.31439
1733238394.86343
1733238395.56344
1733238396.06372
1733238396.61346
1733238397.11416
1733238397.66317
1733238398.31354
1733238398.76373
1733238399.51342
1733238400.06331
1733238400.5642
1733238401.11351
1733238401.71338
1733238402.26338
1733238402.86369
1733238403.36336
1733238404.06336
1733238404.61336
1733238405.11352
1733238405.66335
1733238406.16336
1733238406.61349
1733238407.31337
1733238407.81357
1733238408.3634
1733238408.91298
1733238409.61359
1733238410.2133
1733238410.61214
1733238411.06334
1733238411.76335
1733238412.41371
1733238412.91411
1733238413.61468
1733238414.21534
1733238414.91469
1733238415.41472
1733238415.96407
1733238416.61419
1733238417.21369
1733238417.76346
1733238418.31299
1733238418.91315
1733238419.51327
1733238420.06443
1733238420.61334
1733238421.11302
1733238421.76335
1733238422.31299
1733238422.96478
1733238423.46429
1733238423.96329
1733238424.66318
1733238425.16336
1733238425.71282
1733238426.36435
1733238426.91309
1733238427.41309
1733238428.0132
1733238428.56332
1733238429.16312
1733238429.71314
1733238430.26316
1733238430.76318
1733238431.46307
1733238432.1131
1733238432.61317
1733238433.11426
1733238433.66301
1733238434.16322
1733238434.71304
1733238435.36309
1733238435.96341
1733238436.6632
1733238437.21312
1733238437.7131
1733238438.31304
1733238438.81306
1733238439.31304
1733238439.96317
1733238440.51285
1733238441.11315
1733238441.76317
1733238442.26375
1733238442.81294
1733238443.11408
1733238443.7127
1733238444.26269
1733238444.76282
1733238445.36303
1733238446.01312
1733238446.51301
1733238447.16303
1733238447.81498
1733238448.36295
1733238448.96298
1733238449.56281
1733238450.26267
1733238450.76269
1733238451.36263
1733238451.9627
1733238452.4628
1733238453.01263
1733238453.56267
1733238454.06242
1733238454.56318
1733238455.26309
1733238455.86248
1733238456.46307
1733238457.11331
1733238457.76402
1733238458.31288
1733238458.81306
1733238459.36291
1733238459.86274
1733238460.56298
1733238461.11403
1733238461.66291
1733238462.36292
1733238462.91289
1733238463.41277
1733238463.96295
1733238464.51289
1733238465.1629
1733238465.81292
1733238466.36287
1733238466.86341
1733238467.46276
1733238468.01291
1733238468.5623
1733238469.16294
1733238469.71275
1733238470.31251
1733238470.81232
1733238471.46229
1733238471.96281
1733238472.61299
1733238473.21183
1733238473.66256
1733238474.26282
1733238474.81329
1733238475.31281
1733238476.01269
1733238476.66374
1733238477.26252
1733238477.7628
1733238478.31277
1733238478.96272
1733238479.51268
1733238480.06256
1733238480.66293
1733238481.26248
1733238481.81186
1733238482.36208
1733238482.91212
1733238483.61206
1733238484.31206
1733238485.0121
1733238485.6622
1733238486.21161
1733238486.81295
1733238487.46245
1733238488.16158
1733238488.6129
1733238489.16286
1733238489.76265
1733238490.4126
1733238490.9126
1733238491.41282
1733238492.01274
1733238492.56268
1733238493.26269
1733238493.76315
1733238494.36265
1733238494.96263
1733238495.46263
1733238496.0627
1733238496.56269
1733238497.06274
1733238497.61268
1733238498.16264
1733238498.76277
1733238499.31266
1733238499.81469
1733238500.41253
1733238501.01263
1733238501.56265
1733238502.0627
1733238502.56261
1733238503.1122
1733238503.76257
1733238504.26257
1733238504.96255
1733238505.66266
1733238506.21294
1733238506.76251
1733238507.41271
1733238507.96261
1733238508.51259
1733238509.01266
1733238509.56256
1733238510.06257
1733238510.71271
1733238511.41255
1733238511.96254
1733238512.51241
1733238513.01268
1733238513.61252
1733238514.1629
1733238514.71256
1733238515.26252
1733238515.76256
1733238516.41254
1733238516.91372
1733238517.46254
1733238517.96269
1733238518.51255
1733238519.06215
1733238519.66246
1733238520.36245
1733238520.91243
1733238521.46246
1733238522.01243
1733238522.51246
1733238523.06251
1733238523.61247
1733238524.11258
1733238524.71244
1733238525.36251
1733238526.06249
1733238526.61246
1733238527.11242
1733238527.76213
1733238528.41252
1733238528.9624
1733238529.51222
1733238530.11296
1733238530.81257
1733238531.41244
1733238531.9124
1733238532.41259
1733238533.06258
1733238533.61246
1733238534.16233
1733238534.81264
1733238535.36232
1733238535.86284
1733238536.36272
1733238536.96232
1733238537.56241
1733238538.11238
1733238538.71164
1733238539.31282
1733238540.01321
1733238540.56314
1733238541.16302
1733238541.71299
1733238542.31265
1733238542.91245
1733238543.61189
1733238544.11232
1733238544.61326
1733238545.11314
1733238545.66223
1733238546.31228
1733238546.96225
1733238547.46234
1733238547.96231
1733238548.51224
1733238549.16232
1733238549.7123
1733238550.3623
1733238550.86227
1733238551.51236
1733238552.06223
1733238552.61211
1733238553.26234
1733238553.96219
1733238554.61218
1733238555.16227
1733238555.76222
1733238556.41354
1733238556.96215
1733238557.51214
1733238558.06274
1733238558.61215
1733238559.26275
1733238559.81212
1733238560.51215
1733238561.21239
1733238562.1126
1733238563.41206
1733238564.46211
1733238565.56202
1733238566.21211
1733238566.76212
1733238567.41215
1733238567.96227
1733238568.66211
1733238569.2121
1733238569.76174
1733238570.26216
1733238570.81332
1733238571.31192
1733238571.81209
1733238572.31208
1733238572.86205
1733238573.41203
1733238574.06206
1733238574.61174
1733238575.16185
1733238575.71188
1733238576.36197
1733238576.91199
1733238577.462
1733238577.96199
1733238578.51186
1733238579.11283
1733238579.66199
1733238580.21199
1733238580.81229
1733238581.362
1733238582.06201
1733238582.96198
1733238583.66191
1733238584.46181
1733238585.16184
1733238585.86189
1733238586.51196
1733238587.06148
1733238587.66204
1733238588.16208
1733238588.71221
1733238589.21197
1733238589.76194
1733238590.26194
1733238590.81175
1733238591.46195
1733238592.11304
1733238592.61403
1733238593.2119
1733238593.76195
1733238594.3119
1733238594.81197
1733238595.31192
1733238595.86193
1733238596.41186
1733238596.96189
1733238597.46224
1733238598.01497
1733238598.61169
1733238599.26206
1733238599.86191
1733238601.11489
1733238601.66188
1733238602.21182
1733238602.7618
1733238603.26384
1733238603.81183
1733238604.31281
1733238604.91217
1733238605.51186
1733238606.06164
1733238606.61167
1733238607.2129
1733238607.81176
1733238608.31184
1733238608.86182
1733238609.36207
1733238609.91182
1733238652.4114
1733238652.96143
1733238653.46148
1733238654.0614
1733238654.71139
1733238655.36141
1733238655.8614
1733238656.41133
1733238656.91136
1733238657.51147
1733238658.0609
1733238658.71121
1733238659.21116
1733238659.91132
1733238660.4113
1733238660.96135
1733238661.56177
1733238662.16136
1733238662.76438
1733238663.31143
1733238663.91123
1733238664.51135
1733238665.21134
1733238665.76146
1733238666.31187
1733238666.8618
1733238667.46177
1733238668.01156
1733238668.56133
1733238669.21134
1733238669.91125
1733238670.56177
1733238671.01296
1733238671.56256
1733238672.16211
1733238672.76127
1733238673.462
1733238674.06127
1733238674.5614
1733238675.11152
1733238675.66125
1733238676.2112
1733238676.7612
1733238677.41259
1733238677.96121
1733238678.46124
1733238679.0612
1733238679.61141
1733238680.1612
1733238680.66142
1733238681.26113
1733238681.81112
1733238682.31114
1733238682.9115
1733238683.51091
1733238684.06111
1733238684.56105
1733238685.21213
1733238685.81403
1733238686.41167
1733238687.01134
1733238687.61089
1733238688.11098
1733238688.71112
1733238689.21116
1733238689.81109
1733238690.51109
1733238691.11127
1733238691.66118
1733238692.21116
1733238692.76111
1733238693.36105
1733238694.0611
1733238694.61107
1733238695.16099
1733238695.66097
1733238696.16106
1733238696.71103
1733238697.26234
1733238697.66132
1733238698.26054
1733238698.76119
1733238699.3601
1733238699.96018
1733238700.56007
1733238701.06019
1733238701.66027
1733238702.21033
1733238702.81189
1733238703.11203
1733238703.51039
1733238704.10906
1733238704.70933
1733238705.30978
1733238705.91021
1733238706.4604
1733238707.06124
1733238707.66149
1733238708.26117
1733238708.86085
1733238709.36089
1733238709.86095
1733238710.46097
1733238711.01099
1733238711.66096
1733238712.26098
1733238712.81098
1733238713.41091
1733238714.01119
1733238714.56095
1733238715.06094
1733238715.61089
1733238716.11099
1733238716.71093
1733238717.36082
1733238717.96132
1733238718.61112
1733238719.16087
1733238719.66078
1733238720.16089
1733238720.71097
1733238721.2108
1733238721.71083
1733238722.26089
1733238722.76092
1733238723.31099
1733238723.86118
1733238724.41072
1733238724.96123
1733238725.61079
1733238726.11081
1733238726.6608
1733238727.16084
1733238727.71085
1733238728.31081
1733238728.86046
1733238729.46081
1733238730.01086
1733238730.71085
1733238731.41091
1733238732.0111
1733238732.61078
1733238733.31082
1733238733.91072
1733238734.46074
1733238734.96076
1733238735.51075
1733238736.01072
1733238736.56082
1733238737.26072
1733238737.81071
1733238738.46078
1733238739.16072
1733238741.06067
1733238742.31092
1733238742.81131
1733238743.21105
1733238743.61078
1733238744.16049
1733238745.05986
1733238745.66057
1733238746.21085
1733238746.86124
1733238747.41116
1733238748.01084
1733238748.61051
1733238749.11115
1733238749.71028
1733238750.26001
1733238750.91019
1733238751.51029
1733238752.06036
1733238752.71037
1733238753.36052
1733238753.96067
1733238754.56054
1733238755.11054
1733238755.81057
1733238756.36028
1733238756.96091
1733238757.51051
1733238758.16061
1733238758.81068
1733238759.41042
1733238760.11053
1733238760.7605
1733238761.26061
1733238761.86087
1733238762.4607
1733238763.06052
1733238763.6104
1733238764.31048
1733238764.86054
1733238765.41089
1733238765.96045
1733238766.51063
1733238767.06024
1733238767.66042
1733238768.1604
1733238768.81044
1733238769.51047
1733238770.06038
1733238770.66054
1733238771.31052
1733238771.86043
1733238772.41017
1733238773.0105
1733238773.56054
1733238774.26081
1733238774.91046
1733238775.51037
1733238776.16048
1733238776.71044
1733238777.31039
1733238777.91036
1733238778.46032
1733238779.1105
1733238779.66041
1733238780.26022
1733238780.76023
1733238781.36033
1733238781.91036
1733238782.46036
1733238783.06039
1733238783.66033
1733238784.21029
1733238784.86027
1733238785.45983
1733238786.06033
1733238786.56035
1733238787.16028
1733238787.66028
1733238788.36019
1733238788.91017
1733238789.41023
1733238790.06029
1733238790.61027
1733238791.1602
1733238791.81006
1733238792.4603
1733238793.06025
1733238793.56026
1733238794.1102
1733238794.8101
1733238795.36001
1733238795.91007
1733238796.56
1733238797.21
1733238797.86007
1733238798.41009
1733238798.91013
1733238799.56013
1733238800.26089
1733238800.81005
1733238801.35991
1733238801.95989
1733238802.50986
1733238803.00987
1733238803.60978
1733238804.15978
1733238804.80979
1733238805.30981
1733238805.95989
1733238806.45989
1733238806.95988
1733238807.6099
1733238808.15992
1733238808.70999
1733238809.21004
1733238809.71005
1733238810.26004
1733238810.91004
1733238811.46007
1733238812.01
1733238812.51008
1733238813.21002
1733238813.7602
1733238814.26014
1733238814.91021
1733238815.56017
1733238816.21031
1733238816.81013
1733238817.36065
1733238817.91004
1733238818.40999
1733238819.11003
1733238819.76002
1733238820.31003
1733238820.91
1733238821.45997
1733238822.15997
1733238822.65998
1733238823.20995
1733238823.90995
1733238824.41004
1733238824.95998
1733238825.50993
1733238826.15965
1733238826.76001
1733238827.30991
1733238827.90984
1733238828.50971
1733238829.11004
1733238829.70981
1733238830.30987
1733238830.80983
1733238831.40996
1733238832.05999
1733238832.71004
1733238833.26005
1733238833.76023
1733238834.30981
1733238834.8096
1733238835.45973
1733238836.06032
1733238836.56018
1733238837.10988
1733238837.65978
1733238838.30981
1733238838.95966
1733238839.55983
1733238840.05982
1733238840.65975
1733238841.15978
1733238841.70974
1733238842.25963
1733238842.75971
1733238843.35983
1733238843.90969
1733238844.50979
1733238845.05981
1733238845.65972
1733238846.25989
1733238846.80977
1733238847.30978
1733238847.90996
1733238848.60975
1733238849.15971
1733238849.80974
1733238850.35974
1733238850.85976
1733238851.5597
1733238852.05975
1733238852.60972
1733238853.25975
1733238853.85971
1733238854.40957
1733238855.00975
1733238855.5594
1733238856.05962
1733238856.70971
1733238857.30963
1733238857.85959
1733238858.50963
1733238859.10967
1733238859.65963
1733238860.30992
1733238860.85963
1733238861.35966
1733238861.90968
1733238862.6096
1733238863.15957
1733238863.80969
1733238864.35959
1733238864.85963
1733238865.35958
1733238866.00959
1733238866.50959
1733238867.0592
1733238867.65972
1733238868.20952
1733238868.75945
1733238869.45958
1733238870.00954
1733238870.55953
1733238871.20959
1733238871.75951
1733238872.45863
1733238872.95941
1733238873.60961
1733238874.20944
1733238874.90946
1733238875.60944
1733238876.10947
1733238876.60945
1733238877.2595
1733238877.91081
1733238878.45971
1733238879.0098
1733238879.55923
1733238880.25904
1733238880.75936
1733238881.4097
1733238881.95958
1733238882.50983
1733238883.05934
1733238883.75924
1733238884.45922
1733238885.05989
1733238885.60983
1733238886.20976
1733238886.70971
1733238887.30961
1733238887.90957
1733238888.45937
1733238889.15937
1733238889.65942
1733238890.15919
1733238890.80944
1733238891.35932
1733238892.00959
1733238892.55934
1733238893.1093
1733238893.70932
1733238894.20937
1733238894.90932
1733238895.45932
1733238896.10936
1733238896.7602
1733238897.30938
1733238897.95922
1733238898.55945
1733238899.10927
1733238899.659
1733238900.31002
1733238900.95915
1733238901.65926
1733238902.30946
1733238902.85911
1733238903.40913
1733238903.95911
1733238904.60913
1733238905.10919
1733238905.65919
1733238906.16013
1733238906.80991
1733238907.30963
1733238907.85889
1733238908.45862
1733238908.95869
1733238909.60989
1733238910.10893
1733238910.60907
1733238911.25917
1733238911.95917
1733238912.45926
1733238913.05906
1733238913.60905
1733238914.20911
1733238914.70904
1733238915.31053
1733238915.65987
1733238916.2089
1733238916.75827
1733238917.21113
1733238917.80868
1733238918.4595
1733238919.00904
1733238919.65927
1733238920.30911
1733238920.85912
1733238921.45909
1733238922.00888
1733238922.60912
1733238923.30972
1733238923.90857
1733238924.45844
1733238925.10861
1733238925.70882
1733238926.35902
1733238926.85892
1733238927.35881
1733238927.95905
1733238928.50949
1733238929.05895
1733238929.70883
1733238930.20923
1733238930.8595
1733238931.45883
1733238932.05902
1733238932.60953
1733238933.20899
1733238933.75905
1733238934.30896
1733238935.00893
1733238935.70887
1733238936.20909
1733238936.80889
1733238937.5089
1733238938.2089
1733238938.90892
1733238939.40893
1733238939.95887
1733238940.50894
1733238941.15883
1733238941.80889
1733238942.35888
1733238942.95887
1733238943.509
1733238944.05897
1733238944.60893
1733238945.15887
1733238945.75908
1733238946.30885
1733238946.90887
1733238947.50898
1733238948.00899
1733238948.60883
1733238949.20929
1733238949.95884
1733238950.55885
1733238951.15882
1733238951.70886
1733238952.30877
1733238952.8588
1733238953.35893
1733238953.85915
1733238954.40938
1733238955.00831
1733238955.55884
1733238956.20887
1733238956.75915
1733238957.45898
1733238957.95973
1733238958.50935
1733238959.11044
1733238959.70975
1733238960.35996
1733238960.86104
1733238961.40987
1733238961.90986
1733238962.45996
1733238963.10897
1733238963.60899
1733238964.15877
1733238964.70866
1733238965.35878
1733238965.90873
1733238966.30819
1733238966.65788
1733238967.15865
1733238967.65881
1733238968.30927
1733238968.85875
1733238969.45956
1733238970.00872
1733238970.55873
1733238971.15865
1733238971.80878
1733238972.35917
1733238972.85865
1733238973.35859
1733238974.05879
1733238974.60863
1733238975.31021
1733238975.90969
1733238976.40868
1733238976.90897
1733238977.50859
1733238978.00861
1733238978.60861
1733238979.15854
1733238979.80893
1733238980.40854
1733238981.10846
1733238981.50836
1733238982.00856
1733238982.60892
1733238983.30853
1733238983.85852
1733238984.40854
1733238985.00847
1733238985.55816
1733238986.15859
1733238986.70852
1733238987.30851
1733238987.85847
1733238988.55848
1733238989.15927
1733238989.7585
1733238990.35846
1733238990.90854
1733238991.45809
1733238992.00797
1733238992.70815
1733238993.30887
1733238993.90855
1733238994.50985
1733238995.10853
1733238995.70884
1733238996.40843
1733238997.05858
1733238997.6085
1733238998.35859
1733238998.90828
1733238999.55853
1733239000.15839
1733239000.75836
1733239001.35842
1733239001.95866
1733239002.5583
1733239003.05835
1733239003.75833
1733239004.25835
1733239004.80834
1733239005.45885
1733239006.05837
1733239006.60836
1733239007.15831
1733239007.7083
1733239008.25835
1733239008.85829
1733239009.40831
1733239009.95842
1733239010.50815
1733239011.15844
1733239011.85829
1733239012.40831
1733239013.00829
1733239013.60833
1733239014.20822
1733239014.85825
1733239015.40827
1733239015.95823
1733239016.50824
1733239017.05828
1733239017.65891
1733239018.30828
1733239018.90831
1733239019.40863
1733239020.00841
1733239020.55831
1733239021.15825
1733239021.7082
1733239022.20818
1733239022.75842
1733239023.45785
1733239024.05815
1733239024.55845
1733239025.10859
1733239025.65815
1733239026.25822
1733239026.85891
1733239027.40794
1733239027.9109
1733239028.40821
1733239029.10814
1733239029.65831
1733239030.25846
1733239030.85813
1733239031.40812
1733239032.0081
1733239032.50816
1733239033.10807
1733239033.70809
1733239034.25828
1733239034.95825
1733239035.55808
1733239036.10805
1733239036.658
1733239037.20822
1733239037.75803
1733239038.3082
1733239038.80793
1733239039.45866
1733239040.05813
1733239040.55812
1733239041.05812
1733239041.60796
1733239042.15842
1733239042.75807
1733239043.40835
1733239043.95798
1733239044.45827
1733239045.00795
1733239045.50801
1733239046.10799
1733239046.70796
1733239047.25798
1733239047.75796
1733239048.45794
1733239049.00789
1733239049.65801
1733239050.25847
1733239050.75804
1733239051.3079
1733239051.9581
1733239052.50791
1733239053.05813
1733239053.608
1733239054.15781
1733239054.85797
1733239055.60785
1733239056.15791
1733239056.70808
1733239057.25797
1733239057.85781
1733239058.45766
1733239059.10778
1733239059.70793
1733239060.25781
1733239060.85784
1733239061.40786
1733239061.95785
1733239062.45802
1733239063.00803
1733239063.60777
1733239064.20776
1733239064.80815
1733239065.4578
1733239065.95789
1733239066.50778
1733239067.00776
1733239067.6578
1733239068.20782
1733239068.7578
1733239069.30782
1733239083.75764
